[Documentation]
information1 = This file stores the OID assignments for resources defined in this IG.
information2 = It must be added to git and committed when resources are added or their id is changed
information3 = You should not generally need to edit this file, but if you do:
information4 =  (a) you can change the id of a resource (left side) if you change it's actual id in your source, to maintain OID consistency
information5 =  (b) you can change the oid of the resource to an OID you assign manually. If you really know what you're doing with OIDs
information6 = There is never a reason to edit anything else

[Key]
CodeSystem = 6
ValueSet = 9
StructureDefinition = 26
CapabilityStatement = 1

[CodeSystem]
kind-of-relation = 2.16.840.1.113883.4.642.40.72.16.1
measurement-status = 2.16.840.1.113883.4.642.40.72.16.2
metric-availability = 2.16.840.1.113883.4.642.40.72.16.3
operating-mode = 2.16.840.1.113883.4.642.40.72.16.4
reference-range-type = 2.16.840.1.113883.4.642.40.72.16.5
safety = 2.16.840.1.113883.4.642.40.72.16.6

[ValueSet]
11073MDC-dimension = 2.16.840.1.113883.4.642.40.72.48.1
11073MDC-metric = 2.16.840.1.113883.4.642.40.72.48.2
11073MDC-object = 2.16.840.1.113883.4.642.40.72.48.3
kind-of-relation = 2.16.840.1.113883.4.642.40.72.48.4
metric-availability = 2.16.840.1.113883.4.642.40.72.48.5
observation-interpretation = 2.16.840.1.113883.4.642.40.72.48.6
operating-mode = 2.16.840.1.113883.4.642.40.72.48.7
reference-range-type = 2.16.840.1.113883.4.642.40.72.48.8
safety-classification = 2.16.840.1.113883.4.642.40.72.48.9

[StructureDefinition]
metric-availability = 2.16.840.1.113883.4.642.40.72.42.1
ChannelDevice = 2.16.840.1.113883.4.642.40.72.42.2
CompoundNumericObservation = 2.16.840.1.113883.4.642.40.72.42.3
EnumerationDeviceMetric = 2.16.840.1.113883.4.642.40.72.42.4
EnumerationObservation = 2.16.840.1.113883.4.642.40.72.42.5
MdsDevice = 2.16.840.1.113883.4.642.40.72.42.6
NumericDeviceMetric = 2.16.840.1.113883.4.642.40.72.42.7
NumericObservation = 2.16.840.1.113883.4.642.40.72.42.8
Observation = 2.16.840.1.113883.4.642.40.72.42.9
Patient = 2.16.840.1.113883.4.642.40.72.42.10
Practitioner = 2.16.840.1.113883.4.642.40.72.42.11
SampleArrayDeviceMetric = 2.16.840.1.113883.4.642.40.72.42.12
SampleArrayObservation = 2.16.840.1.113883.4.642.40.72.42.13
VmdDevice = 2.16.840.1.113883.4.642.40.72.42.14
approved-jurisdictions = 2.16.840.1.113883.4.642.40.72.42.15
device-instance = 2.16.840.1.113883.4.642.40.72.42.16
operating-cycles = 2.16.840.1.113883.4.642.40.72.42.17
operating-hours = 2.16.840.1.113883.4.642.40.72.42.18
operating-mode = 2.16.840.1.113883.4.642.40.72.42.19
operator = 2.16.840.1.113883.4.642.40.72.42.20
reference-range = 2.16.840.1.113883.4.642.40.72.42.21
relation = 2.16.840.1.113883.4.642.40.72.42.22
resolution = 2.16.840.1.113883.4.642.40.72.42.23
sweep-speed = 2.16.840.1.113883.4.642.40.72.42.24
technical-range = 2.16.840.1.113883.4.642.40.72.42.25
visual-grid = 2.16.840.1.113883.4.642.40.72.42.26

[CapabilityStatement]
ServerCapabilityStatement = 2.16.840.1.113883.4.642.40.72.13.1

